-4.508209136
-1.513155712
4.097385619
2.634464893
-9.135826694
-3.611228495
0.463334175
-5.289906262
6.104527906
-1.566056461
-2.218133498
3.284995208
-2.664469545
5.317799943
7.103954227
-4.031062101
6.381951828
-0.831303586
1.050857159
-3.64100222
-2.717879185
7.022943779
-6.602452184
8.209545992
0.173138915
-4.143436759
-1.145852005
-1.070364949
4.160957489
2.710398895
2.908562531
-4.376567697
5.262545472
-3.357053491
0.224450982
2.029216021
-1.543276381
2.675711108
-1.355144882
0.506192952
14.67075998
-4.960431918
11.78031564
4.352345872
-2.219546964
13.22482927
-0.838708297
-8.569236355
6.955782205
-5.230989742
1.072296699
-6.405565909
-2.675334783
3.220726769
1.458840032
-9.012086165
6.958089589
-10.95632681
4.37142739
-1.2031957
2.900599304
-11.5264186
-5.764563816
7.27319775
2.736706271
-2.299696177
2.364173483
9.722552579
-0.223601325
-4.540656167
1.84173504
-1.278465369
-5.943209992
6.014629
3.188609473
-3.668711675
3.053054544
2.533810725
4.543113891
-2.637754384
-6.21890068
-14.26935274
-6.381427714
-8.302460025
-2.624290629
1.046875418
5.03793883
4.840476711
-2.191025057
-3.966972727
-0.388861238
-4.594006104
-1.444648967
-1.610954298
4.997288424
2.042569809
-4.916265798
-0.550406548
0.332684018
4.92981928
4.340462789
8.947805822
-7.086557489
5.539970655
8.681747717
3.304973116
-1.107259976
3.50070859
-2.92069448
8.346726836
-0.174344764
-0.612784237
9.512639839
-1.677865053
-1.823711757
1.552019059
9.667180712
5.1946386
4.45938739
-5.165067244
-0.184617387
6.916948944
-2.743611572
-0.459764093
6.371877536
7.897103384
2.446959849
3.896769717
-3.228631193
2.747360944
3.414643363
-5.534536641
-3.784762031
7.294168295
1.102212529
1.898088663
3.849577671
-3.420847494
3.504387407
1.436350955
-0.229063539
1.801726536
2.77708213
-3.054924851
2.353620733
3.185562989
5.338439974
5.648973892
5.759404367
3.7633352
-3.266217381
-2.945508731
-5.381970807
-7.662367352
0.833473199
-8.793457898
7.079457098
4.86555065
-3.210707191
-0.810717261
-5.837808487
-2.904648472
-0.796653682
-1.869893063
3.216445035
1.379558413
6.773422802
-3.760999872
1.410949372
-0.417855154
-2.413669982
0.511010211
-3.309721399
0.206585863
-1.778320186
-1.279187107
-3.906245551
4.508046894
8.182920068
7.646949063
7.945475115
-1.293038946
-4.063271605
-9.300614796
-3.320659675
0.144558836
-2.732169977
0.972681099
-1.31378059
-0.78976283
9.428692592
4.59422594
1.548138424
-13.94989945
-7.170321823
-1.877268006
0.148968723
4.130317477
-1.397833232
-2.542756951
-2.028347932
-6.679636268
1.789130783
2.745961974
9.262396359
-0.903032134
5.53063118
-0.233545312
10.01835852
10.84892405
2.385471203
6.517309839
6.349325442
-1.15709661
-3.460949505
-7.184585946
2.903234833
8.544177264
-4.485760794
-4.164179757
-1.923600779
2.651778617
3.83209872
-0.47443816
-0.865831224
-0.859327237
-0.024118345
5.798152753
-3.557988875
7.051711833
3.398317544
5.738465516
-2.662711004
-1.506728623
5.164235423
2.376574278
5.186616752
-0.464812507
4.849451305
-1.921871909
0.155403525
-1.079122056
-5.774911473
11.32425113
3.822657641
-5.046612136
0.101565117
-3.278526222
4.501796475
-3.866363075
1.473817529
0.822487037
-10.9357733
4.019338038
16.12448362
-6.988505602
3.224316398
-0.626930261
0.5281351
-0.900611526
-5.918749225
0.086718409
-1.337656127
3.115165084
3.415114993
0.754119169
-1.503234445
1.013319884
1.533087031
-0.464759514
-7.297849864
-1.934332913
1.273912355
3.968272587
-6.490803135
0.950705825
5.146525177
-2.159385888
-9.732069201
5.524971866
3.744218352
8.70997336
1.375715545
9.865015412
0.093550653
0.551499829
4.658754228
7.032612341
-4.342091565
-2.900286399
-0.555674947
0.971519851
-4.76370044
7.624062031
4.195770275
-1.721313682
-11.44432999
2.693586629
-6.261986848
5.617592635
6.050477949
6.989264779
-2.851140407
-5.448351879
3.428245297
6.008924435
-6.862300086
4.260705831
-1.977633606
9.081566796
-4.748117499
-12.16680585
6.613801518
1.321281925
0.116174939
-1.376674148
3.378437176
4.575363457
1.762195913
7.243128791
-0.537368172
4.317487009
4.904223957
-4.954133855
2.284610045
-5.645801857
-8.74497925
4.465803312
3.334676424
-3.767339761
0.212629965
-0.935481753
-0.330205836
0.435703552
6.032418076
-0.976660247
11.45766336
-2.781777982
14.43341207
-1.39915997
0.963869136
5.490470234
9.975550929
4.758182879
2.737338565
1.033668655
-3.497745563
6.332219121
-3.485323529
-1.198135526
6.119898227
8.249582458
-0.28768972
-3.628014397
8.362224568
-2.055897304
7.739815597
-4.151009581
-4.155583992
-4.875818231
2.736850214
2.766100434
-3.674754567
-0.317486272
1.539282997
-4.870557368
-5.579531037
-5.198172925
6.482199797
2.073871565
1.167864853
3.838041469
8.496285156
2.740740683
-5.831962736
-0.602130978
8.628180902
9.750878698
-5.137938735
-7.428567468
-1.655482237
-2.489713802
-1.200460978
14.27497631
1.3602713
2.260079541
2.409812142
-4.037472256
1.883165625
6.839891513
2.994125662
5.28476387
4.488350695
3.461487
10.97698182
3.445103874
3.447966509
2.106135388
-3.790866191
-0.030321734
-0.900688046
8.626678124
-6.101798014
0.696757252
-2.893777554
5.132135016
-4.677959588
-4.022587937
-2.174765161
-3.485011312
7.531768666
-3.340174294
3.327081239
4.462926654
1.511585678
1.269156611
0.661955071
0.310850778
-3.425034721
3.095261439
-5.080687141
-6.312196421
5.282277161
-4.112126645
-2.628161684
5.623043541
4.529555528
6.069067052
-3.93845045
-0.860128015
9.342213707
11.49400369
-3.79703267
-7.345161333
3.078772041
-6.991882058
6.372328021
-1.111091344
4.060023103
2.382243256
0.425658887
7.919773233
0.554718032
-5.256204658
8.061658058
6.200344839
-0.333235223
-4.14487175
7.115024519
-2.485312905
0.873087468
13.19253284
-2.995194636
4.395779568
-1.126161702
1.66953664
5.347380524
-0.830516617
-7.300071438
3.572819997
-1.943336706
1.124365594
-3.025159409
-1.587375591
-6.959890503
-2.465788322
2.279718089
9.655567183
-0.540698802
5.619598937
-3.689033081
-4.18488483
-5.958079494
8.013612745
-4.16084404
2.231516664
-10.81824645
-5.079308393
-0.674996055
-2.766665879
10.36987285
6.545671857
-1.924522527
-0.411395013
4.199727223
-5.416241522
2.05651229
2.174652297
4.718321041
8.33618809
-5.62089955
-6.358275574
-8.583374522
4.747580509
6.121089907
6.408027052
-1.285869945
3.101416173
2.51528112
0.448999417
1.354795355
5.602364274
8.981983538
-2.212073167
2.627717059
11.72548325
3.490619627
5.556907725
-7.782362889
2.096748726
6.457965619
5.511833559
8.222898808
-2.815336606
6.828797195
4.00921451
1.874779382
5.213433673
-1.220281064
-1.786917168
2.508502885
-3.711981419
-7.797122674
0.377137798
10.37249492
6.914251724
-4.204973808
2.139870129
5.094933825
9.893843643
-0.034600256
7.126536778
0.58545685
7.436808902
1.39943285
3.31355463
-5.50689956
2.764442726
6.330945956
1.052006169
-2.40892874
4.842551728
5.267915409
6.900633985
-0.924171418
-4.393862632
1.024087686
7.899752163
-6.489148783
-2.222464019
1.850352359
0.832560757
2.04080399
-4.359854543
5.074544999
6.42635632
-1.217685013
1.304019433
-4.353325143
-3.92964538
-10.17612618
0.336565655
8.317188115
6.684649377
-4.525388196
0.516012387
-0.319678085
0.39240643
-3.021856011
2.166038565
5.26752823
2.279903131
-2.682227837
3.941424175
6.49459888
-2.597813589
-14.6046416
4.488377818
0.703792024
6.166546907
-0.297415615
-3.312196694
2.999509518
-7.083403921
2.851730988
0.409750827
3.243839329
6.184006898
11.50931203
3.043671415
4.640491201
-2.231865217
1.650184448
-1.457379645
1.532621816
-11.05081502
-8.905517945
4.578375983
6.43162819
1.674577299
-0.191821345
2.187372805
2.270626129
7.52596416
6.123949835
1.787637117
-4.46423432
0.331127024
6.571080437
0.88095908
-0.395257959
1.475518243
1.843270426
1.097601282
0.572880517
0.627180057
0.207670376
-2.649234061
1.748121537
4.889388342
1.414696709
-4.472248877
-7.548684407
-13.96480365
0.268573272
-7.064163377
0.218800402
1.253297574
5.569349111
8.994461679
7.347305219
-3.377243697
-0.757095195
3.483424413
-7.646692256
-6.016312158
3.731543232
3.667828139
0.709911378
0.732773787
-2.070283479
-5.414194215
5.440634156
1.136617129
6.445486321
2.730056253
8.39541217
-4.099586737
5.14562797
3.657205086
0.198730155
-5.173608491
3.401825152
-4.636895403
2.681497387
9.797010473
5.494189629
2.855482493
4.973728552
-5.145312639
6.647987227
3.537720609
4.773347226
0.235839647
0.546893015
-3.887624259
1.096195722
2.060457698
5.682585324
5.656961867
-5.519979445
-6.014887458
-8.860272507
1.013155041
4.549051766
-7.439234047
-1.218614549
1.528490536
1.109641736
-6.931582399
-4.972921073
1.033285879
6.497636711
-10.94883294
-7.408244755
-1.185407925
-0.168534
8.292178022
1.487779269
1.026585018
-3.460577029
9.822083869
-7.009968074
1.505072418
1.917859462
9.821234341
4.063356807
10.51535442
1.110412476
2.054072933
-4.037185275
5.902055486
2.812394361
5.895809233
-1.027322212
8.23190157
-1.741791436
1.029319365
0.952547337
-10.51209064
8.354966928
4.126831513
-3.18777892
0.209688717
-0.321568521
-3.391886702
8.838597878
3.399437103
3.357098478
5.152202573
-2.167999904
6.702678614
-1.980694183
2.832218156
-7.80064646
0.713421187
1.419607395
0.794630084
-1.339006708
-6.067506645
-3.507417524
-6.413701797
-5.622019625
-0.567485608
5.005967785
-1.827934373
-4.690164337
-3.011777839
0.375246663
-0.319942651
-5.569281755
2.712129277
2.63332377
8.279464753
2.373508952
14.28597146
-9.838607044
-4.076055907
-3.33987244
0.362189987
2.264319575
0.625839947
-1.144220384
-6.596600547
3.282452758
-3.79590856
8.075687444
3.120644751
11.14564748
-5.087931536
5.175369054
3.220448206
-1.808461512
-1.406683639
0.934477117
4.665640721
-0.77392678
3.035171561
2.345769578
-2.410206531
-0.951276101
1.556482881
3.843569783
2.213441228
-8.157691125
4.06909454
-8.590828578
7.050324024
4.891849355
3.236894372
-2.578971248
5.608583158
-0.46380298
2.967746497
-8.494046353
-3.98434913
1.785064458
2.969868331
-2.873175953
6.783978774
3.683022203
-2.857792034
-4.309698642
-3.18335173
0.737905817
5.849707962
-5.796133828
-6.364145674
1.715375354
-0.742877557
1.644876555
-2.281450053
-3.506461419
2.271654176
1.444449666
-1.378970809
4.753945973
-5.336343302
2.165962143
-2.4436381
12.46207626
0.114686514
5.247289795
5.42368741
-0.495060963
-7.865324594
1.141096658
-6.462364344
-0.976008243
3.95600055
1.236050472
-4.190256152
1.96706094
7.051783827
0.461616368
6.639311516
-1.017830387
-0.465494601
3.867686216
-0.533031639
-3.139740546
-3.662309972
-2.930790157
-1.346661824
-0.034868558
-1.637516009
5.609661055
-5.859081581
12.53520735
1.83426222
3.59047326
10.71438599
-5.221420265
6.198998542
9.829518255
4.252012669
-0.502065129
4.834016944
10.01326917
9.093426459
7.068735408
-0.903694192
-0.865518016
-4.324551232
2.978502928
1.480974477
2.497215152
3.7101151
9.87508613
-1.475084282
1.38835309
-4.022337328
3.367168389
5.02642985
4.042378394
-1.301012709
4.284747692
-7.261699348
1.285922999
-0.568094209
-5.552191723
-0.864169939
-9.993396262
-1.950734429
4.296093655
-1.154762624
-3.425678751
7.722560483
8.648029229
-9.211993762
-0.662775481
1.785554063
6.212883974
-9.86496317
-3.097484773
-1.017371908
0.145425301
-3.198232585
8.690990842
-0.770905559
-10.19545155
-0.52161033
-5.390979481
8.303377864
5.354527994
3.430693314
8.465894231
-3.62504815
-6.557530664
6.360194609
1.68577267
0.85644429
-2.756961954
0.527303861
4.19410865
-6.473903549
-0.426133828
4.900546751
-1.405944782
-4.066250871
-0.867447215
0.172846583
0.146921994
0.588854981
1.622638432
3.974394407
-10.21564381
11.55296024
1.387825297
4.708202636
-3.585680016
5.23291982
-6.641967069
-0.493638957
-8.75231218
-0.653808205
-0.821387306
0.844793397
3.959928598
6.650344056
-1.646017914
-0.074575823
11.30124911
0.157168725
0.92392472
-3.363565126
-1.957058537
0.569904748
3.097076579
5.372134899
-10.81406197
0.339152042
2.81591268
1.454878256
3.756600779
0.562202915
-7.370702493
0.217769761
-3.349878618
1.702361604
-4.915303665
-2.084392701
6.531914276
-3.121856942
0.135586514
4.914947355
2.84325939
0.074159836
0.085933919
4.844745779
4.977068928
6.669231132
-0.573893703
0.522710407
3.799488016
-1.493219844
5.76524223
4.913916966
-6.074043263
3.19175626
2.264737519
6.815010959
-1.007340987
-0.410679483
9.068942764
2.013602287
5.36501717
3.063318515
-5.863886338
-2.666345505
3.575258654
4.419739185
6.929234017
8.743942428
2.794091927
-1.99404516
7.238142443
-3.082809454
0.019142104
-0.599077121
-4.088089939
-3.569944983
5.221266666
-4.22975801
5.141031871
-2.39273281
1.015937339
2.735646612
-3.771173269
2.087734471
-6.50060511
-1.592809446
8.907873912
5.362077032
0.163774589
3.272672392
1.425029015
7.090077185
-2.241612021
6.345285678
1.006014607
-12.21048483
4.817475794
-0.764244386
9.107081234
15.60196906
1.859483434
-2.965590878
-4.086757598
-0.769062942
7.386032487
3.172228471
8.190362866
-6.206077968
1.588487788
-4.522585469
-5.17654814
6.288275507
-3.211259984
5.09713694
5.981405239
6.122034795
5.594411353
-0.888825101
4.910261054
-2.038506548
4.546921958
-4.420048055
-6.727727147
1.463146234
13.29600073
-3.488973126
9.413191335
2.396035965
-2.616503925
0.29199081
-1.032172023
-3.60239048
5.580974899
4.37346033
4.076521659
2.303033128
0.552305237
4.388814107
1.6248629
1.397019864
-3.513855947
-6.398144317
-2.943722536
-5.162294248
3.218899012
2.818358084
-2.386347269
-1.26488293
-4.505997614
-1.83223405
-3.815022678
7.621469131
0.546820067
5.672129408
-1.257682599
1.116684294
-5.760330703
-8.05962087
3.758079623
1.617362137
1.603673249
-0.302021322
-4.188321425
0.442304839
-4.38635281
0.878650847
11.12150381
-9.228896401
-3.04536609
-1.344197577
2.611865332
